0.000000 0.000000 0.000000 0.000000 0.000000 0.000000 0.000000 0.000000 0.000000 0.000000 0.000000 0.000000 0.000000 0.000000 0.000000 0.000000 0.000000 0.000000 0.000000 0.000000 0.000000 0.000000 0.000000 0.000000 0.000000 0.000000 0.000000 0.000000 0.000000 0.000000 0.000000 0.000000 0.000000 0.000000 0.000000 0.000000 0.000000 0.000000 0.000000 0.000000 0.000000 0.000000 0.000000 0.000000 0.000000 0.000000 0.000000 0.000000 0.000000 0.000000 0.000000 0.000000 
0.000000 -0.015708 -0.046138 -0.073669 -0.096571 -0.113405 -0.123113 -0.125086 -0.119199 -0.105822 -0.085796 -0.060380 -0.031169 0.000000 0.031169 0.060380 0.085797 0.105822 0.119199 0.125086 0.123113 0.113405 0.096571 0.073669 0.046138 0.015708 -0.015708 -0.046138 -0.073669 -0.096571 -0.113405 -0.123113 -0.125086 -0.119199 -0.105822 -0.085796 -0.060380 -0.031169 0.000000 0.031169 0.060380 0.085797 0.105822 0.119199 0.125086 0.123113 0.113405 0.096571 0.073669 0.046138 0.015708 0.000000 
0.000000 -0.046138 -0.135516 -0.216378 -0.283645 -0.333089 -0.361604 -0.367398 -0.350107 -0.310818 -0.251999 -0.177345 -0.091549 0.000000 0.091549 0.177345 0.251999 0.310818 0.350107 0.367398 0.361604 0.333089 0.283645 0.216378 0.135516 0.046138 -0.046138 -0.135516 -0.216378 -0.283645 -0.333089 -0.361604 -0.367398 -0.350107 -0.310818 -0.251999 -0.177345 -0.091549 0.000000 0.091549 0.177345 0.251999 0.310818 0.350107 0.367398 0.361604 0.333089 0.283645 0.216378 0.135516 0.046138 0.000000 
0.000000 -0.073669 -0.216378 -0.345492 -0.452896 -0.531844 -0.577374 -0.586625 -0.559017 -0.496284 -0.402367 -0.283168 -0.146176 0.000000 0.146176 0.283168 0.402367 0.496284 0.559017 0.586625 0.577374 0.531844 0.452896 0.345492 0.216378 0.073669 -0.073669 -0.216378 -0.345492 -0.452896 -0.531844 -0.577374 -0.586625 -0.559017 -0.496284 -0.402367 -0.283168 -0.146176 0.000000 0.146176 0.283168 0.402367 0.496284 0.559017 0.586625 0.577374 0.531844 0.452896 0.345492 0.216378 0.073669 0.000000 
0.000000 -0.096571 -0.283645 -0.452896 -0.593691 -0.697181 -0.756865 -0.768993 -0.732802 -0.650566 -0.527453 -0.371198 -0.191619 0.000000 0.191619 0.371198 0.527453 0.650566 0.732802 0.768993 0.756865 0.697181 0.593691 0.452896 0.283645 0.096571 -0.096571 -0.283645 -0.452896 -0.593691 -0.697181 -0.756865 -0.768993 -0.732802 -0.650566 -0.527453 -0.371198 -0.191619 0.000000 0.191619 0.371198 0.527453 0.650566 0.732802 0.768993 0.756865 0.697181 0.593691 0.452896 0.283645 0.096571 0.000000 
0.000000 -0.113405 -0.333089 -0.531844 -0.697181 -0.818712 -0.888800 -0.903042 -0.860542 -0.763971 -0.619397 -0.435904 -0.225021 0.000000 0.225021 0.435904 0.619397 0.763971 0.860542 0.903042 0.888800 0.818712 0.697181 0.531844 0.333089 0.113405 -0.113405 -0.333089 -0.531844 -0.697181 -0.818712 -0.888800 -0.903042 -0.860542 -0.763971 -0.619397 -0.435904 -0.225021 0.000000 0.225021 0.435904 0.619397 0.763971 0.860542 0.903042 0.888800 0.818712 0.697181 0.531844 0.333089 0.113405 0.000000 
0.000000 -0.123113 -0.361604 -0.577374 -0.756865 -0.888800 -0.964888 -0.980349 -0.934211 -0.829373 -0.672422 -0.473220 -0.244285 0.000000 0.244285 0.473221 0.672422 0.829373 0.934211 0.980349 0.964888 0.888800 0.756865 0.577374 0.361604 0.123113 -0.123113 -0.361604 -0.577374 -0.756865 -0.888800 -0.964888 -0.980349 -0.934211 -0.829373 -0.672422 -0.473220 -0.244285 0.000000 0.244285 0.473221 0.672422 0.829373 0.934211 0.980349 0.964888 0.888800 0.756865 0.577374 0.361604 0.123113 0.000000 
0.000000 -0.125086 -0.367398 -0.586625 -0.768993 -0.903042 -0.980349 -0.996057 -0.949180 -0.842662 -0.683196 -0.480803 -0.248199 0.000000 0.248199 0.480803 0.683196 0.842662 0.949180 0.996057 0.980349 0.903042 0.768993 0.586625 0.367398 0.125086 -0.125086 -0.367398 -0.586625 -0.768993 -0.903042 -0.980349 -0.996057 -0.949180 -0.842662 -0.683196 -0.480803 -0.248199 0.000000 0.248199 0.480803 0.683196 0.842662 0.949180 0.996057 0.980349 0.903042 0.768993 0.586625 0.367398 0.125086 0.000000 
0.000000 -0.119199 -0.350107 -0.559017 -0.732802 -0.860542 -0.934211 -0.949180 -0.904508 -0.803004 -0.651043 -0.458175 -0.236518 0.000000 0.236518 0.458175 0.651043 0.803004 0.904509 0.949180 0.934211 0.860542 0.732802 0.559017 0.350107 0.119199 -0.119199 -0.350107 -0.559017 -0.732802 -0.860542 -0.934211 -0.949180 -0.904508 -0.803004 -0.651043 -0.458175 -0.236518 0.000000 0.236518 0.458175 0.651043 0.803004 0.904508 0.949180 0.934211 0.860542 0.732802 0.559017 0.350107 0.119199 0.000000 
0.000000 -0.105822 -0.310818 -0.496284 -0.650566 -0.763971 -0.829373 -0.842662 -0.803004 -0.712890 -0.577982 -0.406758 -0.209976 0.000000 0.209976 0.406758 0.577982 0.712890 0.803004 0.842662 0.829373 0.763971 0.650566 0.496283 0.310818 0.105822 -0.105822 -0.310818 -0.496284 -0.650566 -0.763971 -0.829373 -0.842662 -0.803004 -0.712890 -0.577982 -0.406758 -0.209976 0.000000 0.209976 0.406758 0.577982 0.712890 0.803004 0.842662 0.829373 0.763971 0.650566 0.496284 0.310818 0.105822 0.000000 
0.000000 -0.085797 -0.251999 -0.402367 -0.527453 -0.619397 -0.672422 -0.683196 -0.651043 -0.577982 -0.468605 -0.329783 -0.170240 0.000000 0.170240 0.329783 0.468605 0.577982 0.651043 0.683196 0.672422 0.619397 0.527453 0.402367 0.251999 0.085796 -0.085797 -0.251999 -0.402367 -0.527453 -0.619397 -0.672422 -0.683196 -0.651043 -0.577982 -0.468605 -0.329783 -0.170240 0.000000 0.170240 0.329783 0.468605 0.577982 0.651043 0.683196 0.672422 0.619397 0.527453 0.402367 0.251999 0.085797 0.000000 
0.000000 -0.060380 -0.177345 -0.283168 -0.371198 -0.435904 -0.473220 -0.480803 -0.458175 -0.406758 -0.329783 -0.232087 -0.119807 0.000000 0.119807 0.232087 0.329783 0.406758 0.458175 0.480803 0.473220 0.435904 0.371198 0.283168 0.177345 0.060380 -0.060380 -0.177345 -0.283168 -0.371198 -0.435904 -0.473220 -0.480803 -0.458175 -0.406758 -0.329783 -0.232087 -0.119807 0.000000 0.119807 0.232087 0.329783 0.406758 0.458175 0.480803 0.473220 0.435904 0.371198 0.283168 0.177345 0.060380 0.000000 
0.000000 -0.031169 -0.091549 -0.146176 -0.191619 -0.225021 -0.244285 -0.248199 -0.236518 -0.209976 -0.170240 -0.119807 -0.061847 0.000000 0.061847 0.119807 0.170240 0.209976 0.236518 0.248199 0.244285 0.225021 0.191619 0.146176 0.091549 0.031169 -0.031169 -0.091549 -0.146176 -0.191619 -0.225021 -0.244285 -0.248199 -0.236518 -0.209976 -0.170240 -0.119807 -0.061847 0.000000 0.061847 0.119807 0.170240 0.209976 0.236518 0.248199 0.244285 0.225021 0.191619 0.146176 0.091549 0.031169 0.000000 
0.000000 0.000000 0.000000 0.000000 0.000000 0.000000 0.000000 0.000000 0.000000 0.000000 0.000000 0.000000 0.000000 0.000000 0.000000 0.000000 0.000000 0.000000 0.000000 0.000000 0.000000 0.000000 0.000000 0.000000 0.000000 0.000000 0.000000 0.000000 0.000000 0.000000 0.000000 0.000000 0.000000 0.000000 0.000000 0.000000 0.000000 0.000000 0.000000 0.000000 0.000000 0.000000 0.000000 0.000000 0.000000 0.000000 0.000000 0.000000 0.000000 0.000000 0.000000 0.000000 
0.000000 0.031169 0.091549 0.146176 0.191619 0.225021 0.244285 0.248199 0.236518 0.209976 0.170240 0.119807 0.061847 0.000000 -0.061847 -0.119807 -0.170240 -0.209976 -0.236518 -0.248199 -0.244285 -0.225021 -0.191619 -0.146176 -0.091549 -0.031169 0.031169 0.091549 0.146176 0.191619 0.225021 0.244285 0.248199 0.236518 0.209976 0.170240 0.119807 0.061847 0.000000 -0.061847 -0.119807 -0.170240 -0.209976 -0.236518 -0.248199 -0.244285 -0.225021 -0.191619 -0.146176 -0.091549 -0.031169 0.000000 
0.000000 0.060380 0.177345 0.283168 0.371198 0.435904 0.473220 0.480803 0.458175 0.406758 0.329783 0.232087 0.119807 0.000000 -0.119807 -0.232087 -0.329783 -0.406758 -0.458175 -0.480803 -0.473220 -0.435904 -0.371198 -0.283168 -0.177345 -0.060380 0.060380 0.177345 0.283168 0.371198 0.435904 0.473220 0.480803 0.458175 0.406758 0.329783 0.232087 0.119807 0.000000 -0.119807 -0.232087 -0.329783 -0.406758 -0.458175 -0.480803 -0.473220 -0.435904 -0.371198 -0.283168 -0.177345 -0.060380 0.000000 
0.000000 0.085796 0.251999 0.402367 0.527453 0.619397 0.672422 0.683196 0.651043 0.577982 0.468605 0.329783 0.170240 0.000000 -0.170240 -0.329783 -0.468605 -0.577982 -0.651043 -0.683196 -0.672422 -0.619397 -0.527453 -0.402367 -0.251999 -0.085797 0.085796 0.251999 0.402367 0.527453 0.619397 0.672422 0.683196 0.651043 0.577982 0.468605 0.329783 0.170240 0.000000 -0.170240 -0.329783 -0.468605 -0.577982 -0.651043 -0.683196 -0.672422 -0.619397 -0.527453 -0.402367 -0.251999 -0.085797 0.000000 
0.000000 0.105822 0.310818 0.496283 0.650566 0.763971 0.829373 0.842662 0.803004 0.712890 0.577982 0.406758 0.209976 0.000000 -0.209976 -0.406758 -0.577982 -0.712890 -0.803004 -0.842662 -0.829373 -0.763971 -0.650566 -0.496284 -0.310818 -0.105822 0.105822 0.310818 0.496283 0.650566 0.763971 0.829373 0.842662 0.803004 0.712890 0.577982 0.406758 0.209976 0.000000 -0.209976 -0.406758 -0.577982 -0.712890 -0.803004 -0.842662 -0.829373 -0.763971 -0.650566 -0.496284 -0.310818 -0.105822 0.000000 
0.000000 0.119199 0.350107 0.559017 0.732802 0.860542 0.934211 0.949180 0.904509 0.803004 0.651043 0.458175 0.236518 0.000000 -0.236518 -0.458175 -0.651043 -0.803004 -0.904508 -0.949180 -0.934211 -0.860542 -0.732802 -0.559017 -0.350107 -0.119199 0.119199 0.350107 0.559017 0.732802 0.860542 0.934211 0.949180 0.904509 0.803004 0.651043 0.458175 0.236518 0.000000 -0.236518 -0.458175 -0.651043 -0.803004 -0.904508 -0.949180 -0.934211 -0.860542 -0.732802 -0.559017 -0.350107 -0.119199 0.000000 
0.000000 0.125086 0.367398 0.586625 0.768993 0.903042 0.980349 0.996057 0.949180 0.842662 0.683196 0.480803 0.248199 0.000000 -0.248199 -0.480803 -0.683196 -0.842662 -0.949180 -0.996057 -0.980349 -0.903042 -0.768993 -0.586625 -0.367398 -0.125086 0.125086 0.367398 0.586625 0.768993 0.903042 0.980349 0.996057 0.949180 0.842662 0.683196 0.480803 0.248199 0.000000 -0.248199 -0.480803 -0.683196 -0.842662 -0.949180 -0.996057 -0.980349 -0.903042 -0.768993 -0.586625 -0.367398 -0.125086 0.000000 
0.000000 0.123113 0.361604 0.577374 0.756865 0.888800 0.964888 0.980349 0.934211 0.829373 0.672422 0.473221 0.244285 0.000000 -0.244285 -0.473220 -0.672422 -0.829373 -0.934211 -0.980349 -0.964888 -0.888800 -0.756865 -0.577374 -0.361604 -0.123113 0.123113 0.361604 0.577374 0.756865 0.888800 0.964888 0.980349 0.934211 0.829373 0.672422 0.473221 0.244285 0.000000 -0.244285 -0.473220 -0.672422 -0.829373 -0.934211 -0.980349 -0.964888 -0.888800 -0.756865 -0.577374 -0.361604 -0.123113 0.000000 
0.000000 0.113405 0.333089 0.531844 0.697181 0.818712 0.888800 0.903042 0.860542 0.763971 0.619397 0.435904 0.225021 0.000000 -0.225021 -0.435904 -0.619397 -0.763971 -0.860542 -0.903042 -0.888800 -0.818712 -0.697181 -0.531844 -0.333089 -0.113405 0.113405 0.333089 0.531844 0.697181 0.818712 0.888800 0.903042 0.860542 0.763971 0.619397 0.435904 0.225021 0.000000 -0.225021 -0.435904 -0.619397 -0.763971 -0.860542 -0.903042 -0.888800 -0.818712 -0.697181 -0.531844 -0.333089 -0.113405 0.000000 
0.000000 0.096571 0.283645 0.452896 0.593691 0.697181 0.756865 0.768993 0.732802 0.650566 0.527453 0.371198 0.191619 0.000000 -0.191619 -0.371198 -0.527453 -0.650566 -0.732802 -0.768993 -0.756865 -0.697181 -0.593691 -0.452896 -0.283645 -0.096571 0.096571 0.283645 0.452896 0.593691 0.697181 0.756865 0.768993 0.732802 0.650566 0.527453 0.371198 0.191619 0.000000 -0.191619 -0.371198 -0.527453 -0.650566 -0.732802 -0.768993 -0.756865 -0.697181 -0.593691 -0.452896 -0.283645 -0.096571 0.000000 
0.000000 0.073669 0.216378 0.345491 0.452896 0.531844 0.577374 0.586625 0.559017 0.496284 0.402367 0.283168 0.146176 0.000000 -0.146176 -0.283168 -0.402367 -0.496284 -0.559017 -0.586625 -0.577374 -0.531844 -0.452896 -0.345492 -0.216378 -0.073669 0.073669 0.216378 0.345491 0.452896 0.531844 0.577374 0.586625 0.559017 0.496284 0.402367 0.283168 0.146176 0.000000 -0.146176 -0.283168 -0.402367 -0.496283 -0.559017 -0.586625 -0.577374 -0.531844 -0.452896 -0.345492 -0.216378 -0.073669 0.000000 
0.000000 0.046138 0.135516 0.216378 0.283645 0.333089 0.361604 0.367398 0.350107 0.310818 0.251999 0.177345 0.091549 0.000000 -0.091549 -0.177345 -0.251999 -0.310818 -0.350107 -0.367398 -0.361604 -0.333089 -0.283645 -0.216378 -0.135516 -0.046138 0.046138 0.135516 0.216378 0.283645 0.333089 0.361604 0.367398 0.350107 0.310818 0.251999 0.177345 0.091549 0.000000 -0.091549 -0.177345 -0.251999 -0.310818 -0.350107 -0.367398 -0.361604 -0.333089 -0.283645 -0.216378 -0.135516 -0.046138 0.000000 
0.000000 0.015708 0.046138 0.073669 0.096571 0.113405 0.123113 0.125086 0.119199 0.105822 0.085797 0.060380 0.031169 0.000000 -0.031169 -0.060380 -0.085796 -0.105822 -0.119199 -0.125086 -0.123113 -0.113405 -0.096571 -0.073669 -0.046138 -0.015708 0.015708 0.046138 0.073669 0.096571 0.113405 0.123113 0.125086 0.119199 0.105822 0.085797 0.060380 0.031169 0.000000 -0.031169 -0.060380 -0.085796 -0.105822 -0.119199 -0.125086 -0.123113 -0.113405 -0.096571 -0.073669 -0.046138 -0.015708 0.000000 
0.000000 -0.015708 -0.046138 -0.073669 -0.096571 -0.113405 -0.123113 -0.125086 -0.119199 -0.105822 -0.085797 -0.060380 -0.031169 0.000000 0.031169 0.060380 0.085797 0.105822 0.119199 0.125086 0.123113 0.113405 0.096571 0.073669 0.046138 0.015708 -0.015708 -0.046138 -0.073669 -0.096571 -0.113405 -0.123113 -0.125086 -0.119199 -0.105822 -0.085797 -0.060380 -0.031169 0.000000 0.031169 0.060380 0.085797 0.105822 0.119199 0.125086 0.123113 0.113405 0.096571 0.073669 0.046138 0.015708 0.000000 
0.000000 -0.046138 -0.135516 -0.216378 -0.283645 -0.333089 -0.361604 -0.367398 -0.350107 -0.310818 -0.251999 -0.177345 -0.091549 0.000000 0.091549 0.177345 0.251999 0.310818 0.350107 0.367398 0.361604 0.333089 0.283645 0.216378 0.135516 0.046138 -0.046138 -0.135516 -0.216378 -0.283645 -0.333089 -0.361604 -0.367398 -0.350107 -0.310818 -0.251999 -0.177345 -0.091549 0.000000 0.091549 0.177345 0.251999 0.310818 0.350107 0.367398 0.361604 0.333089 0.283645 0.216378 0.135516 0.046138 0.000000 
0.000000 -0.073669 -0.216378 -0.345491 -0.452896 -0.531844 -0.577374 -0.586625 -0.559017 -0.496284 -0.402367 -0.283168 -0.146176 0.000000 0.146176 0.283168 0.402367 0.496284 0.559017 0.586625 0.577374 0.531844 0.452896 0.345492 0.216378 0.073669 -0.073669 -0.216378 -0.345492 -0.452896 -0.531844 -0.577374 -0.586625 -0.559017 -0.496284 -0.402367 -0.283168 -0.146176 0.000000 0.146176 0.283168 0.402367 0.496284 0.559017 0.586625 0.577374 0.531844 0.452896 0.345492 0.216378 0.073669 0.000000 
0.000000 -0.096571 -0.283645 -0.452896 -0.593691 -0.697181 -0.756865 -0.768993 -0.732802 -0.650566 -0.527453 -0.371198 -0.191619 0.000000 0.191619 0.371198 0.527453 0.650566 0.732802 0.768993 0.756865 0.697181 0.593691 0.452896 0.283645 0.096571 -0.096571 -0.283645 -0.452896 -0.593691 -0.697181 -0.756865 -0.768993 -0.732802 -0.650566 -0.527453 -0.371198 -0.191619 0.000000 0.191619 0.371198 0.527453 0.650566 0.732802 0.768993 0.756865 0.697181 0.593691 0.452896 0.283645 0.096571 0.000000 
0.000000 -0.113405 -0.333089 -0.531844 -0.697181 -0.818712 -0.888800 -0.903042 -0.860542 -0.763971 -0.619397 -0.435904 -0.225021 0.000000 0.225021 0.435904 0.619397 0.763971 0.860542 0.903042 0.888800 0.818712 0.697181 0.531844 0.333089 0.113405 -0.113405 -0.333089 -0.531844 -0.697181 -0.818712 -0.888800 -0.903042 -0.860542 -0.763971 -0.619397 -0.435904 -0.225021 0.000000 0.225021 0.435904 0.619397 0.763971 0.860542 0.903042 0.888800 0.818712 0.697181 0.531844 0.333089 0.113405 0.000000 
0.000000 -0.123113 -0.361604 -0.577374 -0.756865 -0.888800 -0.964888 -0.980349 -0.934211 -0.829373 -0.672422 -0.473221 -0.244285 0.000000 0.244285 0.473220 0.672422 0.829373 0.934211 0.980349 0.964888 0.888800 0.756865 0.577374 0.361604 0.123113 -0.123113 -0.361604 -0.577374 -0.756865 -0.888800 -0.964888 -0.980349 -0.934211 -0.829373 -0.672422 -0.473221 -0.244285 0.000000 0.244285 0.473220 0.672422 0.829373 0.934211 0.980349 0.964888 0.888800 0.756865 0.577374 0.361604 0.123113 0.000000 
0.000000 -0.125086 -0.367398 -0.586625 -0.768993 -0.903042 -0.980349 -0.996057 -0.949180 -0.842662 -0.683196 -0.480803 -0.248199 0.000000 0.248199 0.480803 0.683196 0.842662 0.949180 0.996057 0.980349 0.903042 0.768993 0.586625 0.367398 0.125086 -0.125086 -0.367398 -0.586625 -0.768993 -0.903042 -0.980349 -0.996057 -0.949180 -0.842662 -0.683196 -0.480803 -0.248199 0.000000 0.248199 0.480803 0.683196 0.842662 0.949180 0.996057 0.980349 0.903042 0.768993 0.586625 0.367398 0.125086 0.000000 
0.000000 -0.119199 -0.350107 -0.559017 -0.732802 -0.860542 -0.934211 -0.949180 -0.904509 -0.803004 -0.651043 -0.458175 -0.236518 0.000000 0.236518 0.458175 0.651043 0.803004 0.904508 0.949180 0.934211 0.860542 0.732802 0.559017 0.350107 0.119199 -0.119199 -0.350107 -0.559017 -0.732802 -0.860542 -0.934211 -0.949180 -0.904509 -0.803004 -0.651043 -0.458175 -0.236518 0.000000 0.236518 0.458175 0.651043 0.803004 0.904508 0.949180 0.934211 0.860542 0.732802 0.559017 0.350107 0.119199 0.000000 
0.000000 -0.105822 -0.310818 -0.496283 -0.650566 -0.763971 -0.829373 -0.842662 -0.803004 -0.712890 -0.577982 -0.406758 -0.209976 0.000000 0.209976 0.406758 0.577982 0.712890 0.803004 0.842662 0.829373 0.763971 0.650566 0.496284 0.310818 0.105822 -0.105822 -0.310818 -0.496283 -0.650566 -0.763971 -0.829373 -0.842662 -0.803004 -0.712890 -0.577982 -0.406758 -0.209976 0.000000 0.209976 0.406758 0.577982 0.712890 0.803004 0.842662 0.829373 0.763971 0.650566 0.496284 0.310818 0.105822 0.000000 
0.000000 -0.085796 -0.251999 -0.402367 -0.527453 -0.619397 -0.672422 -0.683196 -0.651043 -0.577982 -0.468605 -0.329783 -0.170240 0.000000 0.170240 0.329783 0.468605 0.577982 0.651043 0.683196 0.672422 0.619397 0.527453 0.402367 0.251999 0.085797 -0.085796 -0.251999 -0.402367 -0.527453 -0.619397 -0.672422 -0.683196 -0.651043 -0.577982 -0.468605 -0.329783 -0.170240 0.000000 0.170240 0.329783 0.468605 0.577982 0.651043 0.683196 0.672422 0.619397 0.527453 0.402367 0.251999 0.085797 0.000000 
0.000000 -0.060380 -0.177345 -0.283168 -0.371198 -0.435904 -0.473220 -0.480803 -0.458175 -0.406758 -0.329783 -0.232087 -0.119807 0.000000 0.119807 0.232087 0.329783 0.406758 0.458175 0.480803 0.473220 0.435904 0.371198 0.283168 0.177345 0.060380 -0.060380 -0.177345 -0.283168 -0.371198 -0.435904 -0.473220 -0.480803 -0.458175 -0.406758 -0.329783 -0.232087 -0.119807 0.000000 0.119807 0.232087 0.329783 0.406758 0.458175 0.480803 0.473220 0.435904 0.371198 0.283168 0.177345 0.060380 0.000000 
0.000000 -0.031169 -0.091549 -0.146176 -0.191619 -0.225021 -0.244285 -0.248199 -0.236518 -0.209976 -0.170240 -0.119807 -0.061847 0.000000 0.061847 0.119807 0.170240 0.209976 0.236518 0.248199 0.244285 0.225021 0.191619 0.146176 0.091549 0.031169 -0.031169 -0.091549 -0.146176 -0.191619 -0.225021 -0.244285 -0.248199 -0.236518 -0.209976 -0.170240 -0.119807 -0.061847 0.000000 0.061847 0.119807 0.170240 0.209976 0.236518 0.248199 0.244285 0.225021 0.191619 0.146176 0.091549 0.031169 0.000000 
0.000000 0.000000 0.000000 0.000000 0.000000 0.000000 0.000000 0.000000 0.000000 0.000000 0.000000 0.000000 0.000000 0.000000 0.000000 0.000000 0.000000 0.000000 0.000000 0.000000 0.000000 0.000000 0.000000 0.000000 0.000000 0.000000 0.000000 0.000000 0.000000 0.000000 0.000000 0.000000 0.000000 0.000000 0.000000 0.000000 0.000000 0.000000 0.000000 0.000000 0.000000 0.000000 0.000000 0.000000 0.000000 0.000000 0.000000 0.000000 0.000000 0.000000 0.000000 0.000000 
0.000000 0.031169 0.091549 0.146176 0.191619 0.225021 0.244285 0.248199 0.236518 0.209976 0.170240 0.119807 0.061847 0.000000 -0.061847 -0.119807 -0.170240 -0.209976 -0.236518 -0.248199 -0.244285 -0.225021 -0.191619 -0.146176 -0.091549 -0.031169 0.031169 0.091549 0.146176 0.191619 0.225021 0.244285 0.248199 0.236518 0.209976 0.170240 0.119807 0.061847 0.000000 -0.061847 -0.119807 -0.170240 -0.209976 -0.236518 -0.248199 -0.244285 -0.225021 -0.191619 -0.146176 -0.091549 -0.031169 0.000000 
0.000000 0.060380 0.177345 0.283168 0.371198 0.435904 0.473220 0.480803 0.458175 0.406758 0.329783 0.232087 0.119807 0.000000 -0.119807 -0.232087 -0.329783 -0.406758 -0.458175 -0.480803 -0.473220 -0.435904 -0.371198 -0.283168 -0.177345 -0.060380 0.060380 0.177345 0.283168 0.371198 0.435904 0.473220 0.480803 0.458175 0.406758 0.329783 0.232087 0.119807 0.000000 -0.119807 -0.232087 -0.329783 -0.406758 -0.458175 -0.480803 -0.473220 -0.435904 -0.371198 -0.283168 -0.177345 -0.060380 0.000000 
0.000000 0.085797 0.251999 0.402367 0.527453 0.619397 0.672422 0.683196 0.651043 0.577982 0.468605 0.329783 0.170240 0.000000 -0.170240 -0.329783 -0.468605 -0.577982 -0.651043 -0.683196 -0.672422 -0.619397 -0.527453 -0.402367 -0.251999 -0.085796 0.085797 0.251999 0.402367 0.527453 0.619397 0.672422 0.683196 0.651043 0.577982 0.468605 0.329783 0.170240 0.000000 -0.170240 -0.329783 -0.468605 -0.577982 -0.651043 -0.683196 -0.672422 -0.619397 -0.527453 -0.402367 -0.251999 -0.085797 0.000000 
0.000000 0.105822 0.310818 0.496284 0.650566 0.763971 0.829373 0.842662 0.803004 0.712890 0.577982 0.406758 0.209976 0.000000 -0.209976 -0.406758 -0.577982 -0.712890 -0.803004 -0.842662 -0.829373 -0.763971 -0.650566 -0.496283 -0.310818 -0.105822 0.105822 0.310818 0.496284 0.650566 0.763971 0.829373 0.842662 0.803004 0.712890 0.577982 0.406758 0.209976 0.000000 -0.209976 -0.406758 -0.577982 -0.712890 -0.803004 -0.842662 -0.829373 -0.763971 -0.650566 -0.496284 -0.310818 -0.105822 0.000000 
0.000000 0.119199 0.350107 0.559017 0.732802 0.860542 0.934211 0.949180 0.904508 0.803004 0.651043 0.458175 0.236518 0.000000 -0.236518 -0.458175 -0.651043 -0.803004 -0.904509 -0.949180 -0.934211 -0.860542 -0.732802 -0.559017 -0.350107 -0.119199 0.119199 0.350107 0.559017 0.732802 0.860542 0.934211 0.949180 0.904508 0.803004 0.651043 0.458175 0.236518 0.000000 -0.236518 -0.458175 -0.651043 -0.803004 -0.904509 -0.949180 -0.934211 -0.860542 -0.732802 -0.559017 -0.350107 -0.119199 0.000000 
0.000000 0.125086 0.367398 0.586625 0.768993 0.903042 0.980349 0.996057 0.949180 0.842662 0.683196 0.480803 0.248199 0.000000 -0.248199 -0.480803 -0.683196 -0.842662 -0.949180 -0.996057 -0.980349 -0.903042 -0.768993 -0.586625 -0.367398 -0.125086 0.125086 0.367398 0.586625 0.768993 0.903042 0.980349 0.996057 0.949180 0.842662 0.683196 0.480803 0.248199 0.000000 -0.248199 -0.480803 -0.683196 -0.842662 -0.949180 -0.996057 -0.980349 -0.903042 -0.768993 -0.586625 -0.367398 -0.125086 0.000000 
0.000000 0.123113 0.361604 0.577374 0.756865 0.888800 0.964888 0.980349 0.934211 0.829373 0.672422 0.473220 0.244285 0.000000 -0.244285 -0.473221 -0.672422 -0.829373 -0.934211 -0.980349 -0.964888 -0.888800 -0.756865 -0.577374 -0.361604 -0.123113 0.123113 0.361604 0.577374 0.756865 0.888800 0.964888 0.980349 0.934211 0.829373 0.672422 0.473220 0.244285 0.000000 -0.244285 -0.473221 -0.672422 -0.829373 -0.934211 -0.980349 -0.964888 -0.888800 -0.756865 -0.577374 -0.361604 -0.123113 0.000000 
0.000000 0.113405 0.333089 0.531844 0.697181 0.818712 0.888800 0.903042 0.860542 0.763971 0.619397 0.435904 0.225021 0.000000 -0.225021 -0.435904 -0.619397 -0.763971 -0.860542 -0.903042 -0.888800 -0.818712 -0.697181 -0.531844 -0.333089 -0.113405 0.113405 0.333089 0.531844 0.697181 0.818712 0.888800 0.903042 0.860542 0.763971 0.619397 0.435904 0.225021 0.000000 -0.225021 -0.435904 -0.619397 -0.763971 -0.860542 -0.903042 -0.888800 -0.818712 -0.697181 -0.531844 -0.333089 -0.113405 0.000000 
0.000000 0.096571 0.283645 0.452896 0.593691 0.697181 0.756865 0.768993 0.732802 0.650566 0.527453 0.371198 0.191619 0.000000 -0.191619 -0.371198 -0.527453 -0.650566 -0.732802 -0.768993 -0.756865 -0.697181 -0.593691 -0.452896 -0.283645 -0.096571 0.096571 0.283645 0.452896 0.593691 0.697181 0.756865 0.768993 0.732802 0.650566 0.527453 0.371198 0.191619 0.000000 -0.191619 -0.371198 -0.527453 -0.650566 -0.732802 -0.768993 -0.756865 -0.697181 -0.593691 -0.452896 -0.283645 -0.096571 0.000000 
0.000000 0.073669 0.216378 0.345492 0.452896 0.531844 0.577374 0.586625 0.559017 0.496284 0.402367 0.283168 0.146176 0.000000 -0.146176 -0.283168 -0.402367 -0.496284 -0.559017 -0.586625 -0.577374 -0.531844 -0.452896 -0.345491 -0.216378 -0.073669 0.073669 0.216378 0.345492 0.452896 0.531844 0.577374 0.586625 0.559017 0.496283 0.402367 0.283168 0.146176 0.000000 -0.146176 -0.283168 -0.402367 -0.496284 -0.559017 -0.586625 -0.577374 -0.531844 -0.452896 -0.345491 -0.216378 -0.073669 0.000000 
0.000000 0.046138 0.135516 0.216378 0.283645 0.333089 0.361604 0.367398 0.350107 0.310818 0.251999 0.177345 0.091549 0.000000 -0.091549 -0.177345 -0.251999 -0.310818 -0.350107 -0.367398 -0.361604 -0.333089 -0.283645 -0.216378 -0.135516 -0.046138 0.046138 0.135516 0.216378 0.283645 0.333089 0.361604 0.367398 0.350107 0.310818 0.251999 0.177345 0.091549 0.000000 -0.091549 -0.177345 -0.251999 -0.310818 -0.350107 -0.367398 -0.361604 -0.333089 -0.283645 -0.216378 -0.135516 -0.046138 0.000000 
0.000000 0.015708 0.046138 0.073669 0.096571 0.113405 0.123113 0.125086 0.119199 0.105822 0.085796 0.060380 0.031169 0.000000 -0.031169 -0.060380 -0.085797 -0.105822 -0.119199 -0.125086 -0.123113 -0.113405 -0.096571 -0.073669 -0.046138 -0.015708 0.015708 0.046138 0.073669 0.096571 0.113405 0.123113 0.125086 0.119199 0.105822 0.085796 0.060380 0.031169 0.000000 -0.031169 -0.060380 -0.085797 -0.105822 -0.119199 -0.125086 -0.123113 -0.113405 -0.096571 -0.073669 -0.046138 -0.015708 0.000000 
0.000000 0.000000 0.000000 0.000000 0.000000 0.000000 0.000000 0.000000 0.000000 0.000000 0.000000 0.000000 0.000000 0.000000 0.000000 0.000000 0.000000 0.000000 0.000000 0.000000 0.000000 0.000000 0.000000 0.000000 0.000000 0.000000 0.000000 0.000000 0.000000 0.000000 0.000000 0.000000 0.000000 0.000000 0.000000 0.000000 0.000000 0.000000 0.000000 0.000000 0.000000 0.000000 0.000000 0.000000 0.000000 0.000000 0.000000 0.000000 0.000000 0.000000 0.000000 0.000000 
